2.000000000000000000e+00 9.000000000000000000e+00 1.262899999999999912e+00 1.467999999999999972e+00 7.000930000000001030e+01
6.000000000000000000e+00 1.819999999999999929e+01 1.707500000000000018e+00 4.120000000000000329e-01 1.500084999999999980e+02
1.000000000000000000e+01 7.000000000000000000e+00 9.586999999999998856e-01 1.804000000000000048e+00 2.300076999999999998e+02
1.400000000000000178e+01 1.620000000000000284e+01 1.403299999999999770e+00 7.479999999999999982e-01 3.100068999999999733e+02
1.800000000000000000e+01 5.000000000000000000e+00 1.847900000000000098e+00 2.140000000000000124e+00 3.900061000000000035e+02
2.200000000000000000e+01 1.419999999999999929e+01 1.099099999999999966e+00 1.083999999999999853e+00 4.700052999999999770e+02
2.600000000000000000e+01 3.000000000000000000e+00 1.543699999999999850e+00 2.475999999999999979e+00 5.500045000000000073e+02
3.000000000000000000e+01 1.219999999999999929e+01 1.988299999999999734e+00 1.420000000000000151e+00 6.300036999999999807e+02
3.400000000000000000e+01 1.000000000000000000e+00 1.239500000000000046e+00 3.639999999999999902e-01 7.100028999999999542e+02
3.800000000000000000e+01 1.019999999999999929e+01 1.684099999999999930e+00 1.756000000000000005e+00 7.900021000000000413e+02
4.200000000000000000e+01 1.939999999999999858e+01 9.352999999999999092e-01 6.999999999999999556e-01 8.700013000000000147e+02
4.600000000000000000e+01 8.199999999999999289e+00 1.379899999999999904e+00 2.091999999999999638e+00 9.500004999999999882e+02
5.000000000000000000e+01 1.739999999999999858e+01 1.824500000000000011e+00 1.036000000000000032e+00 1.000990000000000002e+01
5.400000000000000000e+01 6.200000000000000178e+00 1.075699999999999878e+00 2.427999999999999936e+00 9.000910000000000366e+01
5.799999999999999289e+01 1.540000000000000036e+01 1.520299999999999763e+00 1.372000000000000108e+00 1.700082999999999913e+02
6.200000000000000000e+01 4.200000000000000178e+00 1.964899999999999647e+00 3.160000000000000031e-01 2.500074999999999932e+02
6.600000000000000000e+01 1.340000000000000036e+01 1.216099999999999959e+00 1.708000000000000185e+00 3.300067000000000235e+02
7.000000000000000000e+01 2.200000000000000178e+00 1.660699999999999843e+00 6.520000000000000240e-01 4.100058999999999969e+02
7.400000000000000000e+01 1.139999999999999858e+01 9.118999999999999329e-01 2.044000000000000039e+00 4.900050999999999704e+02
7.800000000000000000e+01 2.000000000000000111e-01 1.356500000000000039e+00 9.879999999999999893e-01 5.700042999999999438e+02
8.200000000000000000e+01 9.399999999999998579e+00 1.801099999999999923e+00 2.379999999999999893e+00 6.500035000000000309e+02
8.600000000000000000e+01 1.860000000000000142e+01 1.052300000000000013e+00 1.324000000000000066e+00 7.300027000000000044e+02
9.000000000000000000e+01 7.400000000000000355e+00 1.496899999999999897e+00 2.680000000000000160e-01 8.100019000000000915e+02
9.400000000000000000e+01 1.659999999999999787e+01 1.941500000000000004e+00 1.660000000000000142e+00 8.900011000000000649e+02
9.800000000000000000e+01 5.400000000000000355e+00 1.192699999999999871e+00 6.039999999999999813e-01 9.700002999999999247e+02
1.020000000000000000e+02 1.459999999999999964e+01 1.637299999999999756e+00 1.995999999999999996e+00 3.000970000000000226e+01
1.060000000000000000e+02 3.400000000000000355e+00 8.884999999999999565e-01 9.399999999999999467e-01 1.100089000000000112e+02
1.100000000000000142e+02 1.259999999999999964e+01 1.333099999999999952e+00 2.332000000000000295e+00 1.900080999999999847e+02
1.139999999999999858e+02 1.400000000000000133e+00 1.777699999999999836e+00 1.276000000000000023e+00 2.700072999999999865e+02
1.180000000000000000e+02 1.060000000000000142e+01 1.028899999999999926e+00 2.200000000000000011e-01 3.500064999999999600e+02
1.220000000000000000e+02 1.980000000000000071e+01 1.473500000000000032e+00 1.612000000000000099e+00 4.300056999999999903e+02
1.260000000000000000e+02 8.599999999999999645e+00 1.918099999999999916e+00 5.559999999999999387e-01 5.100049000000000206e+02
1.300000000000000000e+02 1.780000000000000071e+01 1.169299999999999784e+00 1.947999999999999954e+00 5.900040999999999940e+02
1.340000000000000000e+02 6.600000000000000533e+00 1.613900000000000112e+00 8.920000000000000151e-01 6.700033000000000811e+02
1.380000000000000000e+02 1.580000000000000071e+01 8.650999999999999801e-01 2.284000000000000252e+00 7.500025000000000546e+02
1.420000000000000000e+02 4.600000000000000533e+00 1.309699999999999864e+00 1.227999999999999980e+00 8.300016999999999143e+02
1.460000000000000000e+02 1.379999999999999893e+01 1.754299999999999971e+00 1.719999999999999862e-01 9.100009000000000015e+02
1.500000000000000000e+02 2.600000000000000089e+00 1.005500000000000060e+00 1.564000000000000057e+00 9.900000999999999749e+02
1.540000000000000000e+02 1.179999999999999893e+01 1.450099999999999945e+00 5.080000000000000071e-01 5.000950000000000273e+01
1.580000000000000000e+02 5.999999999999999778e-01 1.894699999999999829e+00 1.899999999999999911e+00 1.300087000000000046e+02
1.620000000000000000e+02 9.800000000000000711e+00 1.145899999999999919e+00 8.439999999999999725e-01 2.100078999999999780e+02
1.660000000000000000e+02 1.900000000000000000e+01 1.590500000000000025e+00 2.236000000000000210e+00 2.900070999999999799e+02
1.700000000000000000e+02 7.800000000000000711e+00 8.417000000000000037e-01 1.180000000000000160e+00 3.700063000000000102e+02
1.740000000000000000e+02 1.700000000000000000e+01 1.286299999999999999e+00 1.239999999999999991e-01 4.500054999999999836e+02
1.780000000000000000e+02 5.799999999999999822e+00 1.730899999999999883e+00 1.516000000000000014e+00 5.300047000000000708e+02
1.820000000000000000e+02 1.500000000000000000e+01 9.820999999999999730e-01 4.599999999999999645e-01 6.100038999999999305e+02
1.860000000000000000e+02 3.799999999999999822e+00 1.426699999999999857e+00 1.852000000000000091e+00 6.900030999999999040e+02
1.900000000000000000e+02 1.300000000000000000e+01 1.871299999999999741e+00 7.959999999999999298e-01 7.700022999999999911e+02
1.940000000000000000e+02 1.799999999999999822e+00 1.122500000000000053e+00 2.188000000000000167e+00 8.500014999999999645e+02
1.980000000000000000e+02 1.100000000000000000e+01 1.567099999999999937e+00 1.132000000000000117e+00 9.300007000000000517e+02
