1.711160657279263475e+00 1.316099223288693132e+01
1.694698990889168533e+00 1.947733063827699951e+01
1.684516874435652012e+00 1.464559408459519929e+01
1.683948155598890439e+00 1.781306352194669884e+01
1.661948222384893814e+00 1.214538789806151975e+01
1.674939214831786538e+00 1.758321259203539455e+01
1.283635017724562566e+00 1.089830062879471306e+01
1.639755050669603476e+00 1.312005298581293111e+01
1.659933555386573945e+00 2.667833655605149445e+01
1.605282727542183707e+00 1.338435635286828429e+01
1.683375897786381747e+00 2.442845454773740954e+01
1.318460821684719564e+00 1.274837347962314915e+01
1.594311809018799986e+00 1.210944351724670476e+01
1.619962420779437862e+00 9.350327055430536660e+00
1.546580382732584358e+00 1.289867457154863395e+01
1.340382295583212091e+00 1.672265264009149632e+01
1.358540478484822067e+00 1.239233230511169914e+01
2.002692503545218106e+00 1.228202522853130496e+01
1.307180134848140218e+00 1.258130832072442118e+01
2.361687720019648662e+00 1.420153851758334618e+01
2.681950078500570545e+00 1.165692264991133875e+01
1.441301789696521896e+00 1.620879238838053382e+01
1.623507710491907563e+00 2.623495394544475090e+01
1.977946270347550328e+00 1.055676912298494052e+01
1.280422165544113478e+00 1.579525056753224099e+01
2.849545580070155903e+00 1.140965241649136708e+01
2.320963787472108297e+00 9.647305072658609149e+00
3.798343418084526135e+00 1.375118590720015987e+01
2.647102757845543497e+00 1.721809995762991718e+01
1.742592767194599546e+00 3.257871125953504077e+01
3.040394420314652901e+00 1.128525542505180645e+01
2.998996248147862698e+00 1.405201847274476989e+01
3.667345539342067529e+00 1.167385642965493808e+01
4.355567263039377579e+00 1.587762201585065647e+01
3.479234853071132783e+00 1.098944049280935609e+01
3.479234853071132783e+00 1.098944049280935609e+01
1.683875546590384076e+00 2.570104467149184302e+01
2.337855707430984697e+00 1.411600012502864665e+01
3.476124295127104524e+00 1.354880102874358272e+01
2.864720239731854967e+00 1.845785843127204018e+01
3.746674227255250678e+00 1.290231393386845404e+01
5.524442045539182722e+00 1.883041678555130005e+01
3.167683742637162680e+00 9.956824818555130463e+00
1.787259492666035676e+00 3.329702918089358832e+01
3.046687422528357114e+00 1.801205506633262843e+01
1.454641085192514005e+00 2.344897812953307081e+01
3.192771226219780267e+00 1.790364957582594485e+01
5.432182206923254597e+00 1.689529738996042241e+01
2.976878297332552048e+00 1.677585636483093978e+01
4.263421792715622161e+00 1.684576006328926923e+01
