2.000000000000000000e+00 9.000000000000000000e+00 1.262899999999999912e+00 1.467999999999999972e+00 7.000930000000001030e+01
6.000000000000000000e+00 1.819999999999999929e+01 1.707500000000000018e+00 4.120000000000000329e-01 1.500084999999999980e+02
1.000000000000000000e+01 7.000000000000000000e+00 9.586999999999998856e-01 1.804000000000000048e+00 2.300076999999999998e+02
1.400000000000000178e+01 1.620000000000000284e+01 1.403299999999999770e+00 7.479999999999999982e-01 3.100068999999999733e+02
1.800000000000000000e+01 5.000000000000000000e+00 1.847900000000000098e+00 2.140000000000000124e+00 3.900061000000000035e+02
2.200000000000000000e+01 1.419999999999999929e+01 1.099099999999999966e+00 1.083999999999999853e+00 4.700052999999999770e+02
2.600000000000000000e+01 3.000000000000000000e+00 1.543699999999999850e+00 2.475999999999999979e+00 5.500045000000000073e+02
3.000000000000000000e+01 1.219999999999999929e+01 1.988299999999999734e+00 1.420000000000000151e+00 6.300036999999999807e+02
3.400000000000000000e+01 1.000000000000000000e+00 1.239500000000000046e+00 3.639999999999999902e-01 7.100028999999999542e+02
3.800000000000000000e+01 1.019999999999999929e+01 1.684099999999999930e+00 1.756000000000000005e+00 7.900021000000000413e+02
4.200000000000000000e+01 1.939999999999999858e+01 9.352999999999999092e-01 6.999999999999999556e-01 8.700013000000000147e+02
4.600000000000000000e+01 8.199999999999999289e+00 1.379899999999999904e+00 2.091999999999999638e+00 9.500004999999999882e+02
5.000000000000000000e+01 1.739999999999999858e+01 1.824500000000000011e+00 1.036000000000000032e+00 1.000990000000000002e+01
5.400000000000000000e+01 6.200000000000000178e+00 1.075699999999999878e+00 2.427999999999999936e+00 9.000910000000000366e+01
5.799999999999999289e+01 1.540000000000000036e+01 1.520299999999999763e+00 1.372000000000000108e+00 1.700082999999999913e+02
6.200000000000000000e+01 4.200000000000000178e+00 1.964899999999999647e+00 3.160000000000000031e-01 2.500074999999999932e+02
6.600000000000000000e+01 1.340000000000000036e+01 1.216099999999999959e+00 1.708000000000000185e+00 3.300067000000000235e+02
7.000000000000000000e+01 2.200000000000000178e+00 1.660699999999999843e+00 6.520000000000000240e-01 4.100058999999999969e+02
7.400000000000000000e+01 1.139999999999999858e+01 9.118999999999999329e-01 2.044000000000000039e+00 4.900050999999999704e+02
7.800000000000000000e+01 2.000000000000000111e-01 1.356500000000000039e+00 9.879999999999999893e-01 5.700042999999999438e+02
8.200000000000000000e+01 9.399999999999998579e+00 1.801099999999999923e+00 2.379999999999999893e+00 6.500035000000000309e+02
8.600000000000000000e+01 1.860000000000000142e+01 1.052300000000000013e+00 1.324000000000000066e+00 7.300027000000000044e+02
9.000000000000000000e+01 7.400000000000000355e+00 1.496899999999999897e+00 2.680000000000000160e-01 8.100019000000000915e+02
9.400000000000000000e+01 1.659999999999999787e+01 1.941500000000000004e+00 1.660000000000000142e+00 8.900011000000000649e+02
9.800000000000000000e+01 5.400000000000000355e+00 1.192699999999999871e+00 6.039999999999999813e-01 9.700002999999999247e+02
1.020000000000000000e+02 1.459999999999999964e+01 1.637299999999999756e+00 1.995999999999999996e+00 3.000970000000000226e+01
1.060000000000000000e+02 3.400000000000000355e+00 8.884999999999999565e-01 9.399999999999999467e-01 1.100089000000000112e+02
1.100000000000000142e+02 1.259999999999999964e+01 1.333099999999999952e+00 2.332000000000000295e+00 1.900080999999999847e+02
1.139999999999999858e+02 1.400000000000000133e+00 1.777699999999999836e+00 1.276000000000000023e+00 2.700072999999999865e+02
1.180000000000000000e+02 1.060000000000000142e+01 1.028899999999999926e+00 2.200000000000000011e-01 3.500064999999999600e+02
1.220000000000000000e+02 1.980000000000000071e+01 1.473500000000000032e+00 1.612000000000000099e+00 4.300056999999999903e+02
1.260000000000000000e+02 8.599999999999999645e+00 1.918099999999999916e+00 5.559999999999999387e-01 5.100049000000000206e+02
1.300000000000000000e+02 1.780000000000000071e+01 1.169299999999999784e+00 1.947999999999999954e+00 5.900040999999999940e+02
1.340000000000000000e+02 6.600000000000000533e+00 1.613900000000000112e+00 8.920000000000000151e-01 6.700033000000000811e+02
1.380000000000000000e+02 1.580000000000000071e+01 8.650999999999999801e-01 2.284000000000000252e+00 7.500025000000000546e+02
1.420000000000000000e+02 4.600000000000000533e+00 1.309699999999999864e+00 1.227999999999999980e+00 8.300016999999999143e+02
1.460000000000000000e+02 1.379999999999999893e+01 1.754299999999999971e+00 1.719999999999999862e-01 9.100009000000000015e+02
1.500000000000000000e+02 2.600000000000000089e+00 1.005500000000000060e+00 1.564000000000000057e+00 9.900000999999999749e+02
1.540000000000000000e+02 1.179999999999999893e+01 1.450099999999999945e+00 5.080000000000000071e-01 5.000950000000000273e+01
1.580000000000000000e+02 5.999999999999999778e-01 1.894699999999999829e+00 1.899999999999999911e+00 1.300087000000000046e+02
1.620000000000000000e+02 9.800000000000000711e+00 1.145899999999999919e+00 8.439999999999999725e-01 2.100078999999999780e+02
1.660000000000000000e+02 1.900000000000000000e+01 1.590500000000000025e+00 2.236000000000000210e+00 2.900070999999999799e+02
1.700000000000000000e+02 7.800000000000000711e+00 8.417000000000000037e-01 1.180000000000000160e+00 3.700063000000000102e+02
1.740000000000000000e+02 1.700000000000000000e+01 1.286299999999999999e+00 1.239999999999999991e-01 4.500054999999999836e+02
1.780000000000000000e+02 5.799999999999999822e+00 1.730899999999999883e+00 1.516000000000000014e+00 5.300047000000000708e+02
1.820000000000000000e+02 1.500000000000000000e+01 9.820999999999999730e-01 4.599999999999999645e-01 6.100038999999999305e+02
1.860000000000000000e+02 3.799999999999999822e+00 1.426699999999999857e+00 1.852000000000000091e+00 6.900030999999999040e+02
1.900000000000000000e+02 1.300000000000000000e+01 1.871299999999999741e+00 7.959999999999999298e-01 7.700022999999999911e+02
1.940000000000000000e+02 1.799999999999999822e+00 1.122500000000000053e+00 2.188000000000000167e+00 8.500014999999999645e+02
1.980000000000000000e+02 1.100000000000000000e+01 1.567099999999999937e+00 1.132000000000000117e+00 9.300007000000000517e+02
3.637644379999999700e+01 8.366418680000000663e+00 1.205171290000000006e+00 2.500000000000000000e+00 1.000000000000000021e-02
0.000000000000000000e+00 0.000000000000000000e+00 1.303687320000000094e+00 2.500000000000000000e+00 1.000000000000000000e+03
1.333670189999999955e+01 1.028500939999999986e+01 1.180264509999999989e+00 2.499999550000000070e+00 1.000000000000000021e-02
0.000000000000000000e+00 2.000000000000000000e+01 8.299999999999999600e-01 2.500000000000000000e+00 1.000000000000000021e-02
1.594495249999999942e+01 2.422999089999999801e-06 2.000000000000000000e+00 2.500000000000000000e+00 9.999997359999999844e+02
3.637644379999999700e+01 8.366418680000000663e+00 1.205171290000000006e+00 2.500000000000000000e+00 1.000000000000000021e-02
0.000000000000000000e+00 0.000000000000000000e+00 1.303687320000000094e+00 2.500000000000000000e+00 1.000000000000000000e+03
1.333670189999999955e+01 1.028500939999999986e+01 1.180264509999999989e+00 2.499999550000000070e+00 1.000000000000000021e-02
0.000000000000000000e+00 2.000000000000000000e+01 8.299999999999999600e-01 2.500000000000000000e+00 1.000000000000000021e-02
1.594495249999999942e+01 2.422999089999999801e-06 2.000000000000000000e+00 2.500000000000000000e+00 9.999997359999999844e+02
1.061068860000000029e+02 7.051895939999999641e+00 1.063910150000000110e+00 1.256952829999999910e+00 2.117703679999999977e+01
1.570937580000000082e+02 1.395301910000000056e+01 8.299999999999999600e-01 1.000000000000000056e-01 1.000000000000000000e+03
8.343415860000000350e+01 7.474013320000000071e+00 1.050844770000000095e+00 1.539106749999999968e+00 1.056918969999999973e+02
8.050389719999999727e+01 7.802662680000000073e+00 1.023242259999999959e+00 1.655071570000000047e+00 1.253080980000000011e+02
7.920537699999999859e+01 7.796209319999999998e+00 1.020455150000000089e+00 1.635812779999999966e+00 1.319149779999999907e+02
7.754640220000000284e+01 6.429549169999999592e+00 1.255393280000000056e+00 1.000000000000000056e-01 1.000000000000000000e+03
8.170553209999999922e+01 5.106011589999999600e+00 9.664762420000000409e-01 1.393464210000000092e+00 2.953291320000000155e+02
4.886795889999999787e+01 9.521934449999999828e+00 9.903720639999999964e-01 1.818328640000000052e+00 4.945026379999999904e+02
0.000000000000000000e+00 0.000000000000000000e+00 2.000000000000000000e+00 1.103818450000000062e-01 1.000000000000000021e-02
8.189927959999999985e+01 4.287925340000000141e+00 1.021146649999999934e+00 4.597349629999999965e-01 1.000000000000000000e+03
5.056052189999999769e+01 0.000000000000000000e+00 8.300000050000000407e-01 1.000000000000000056e-01 9.045376430000000312e+01
9.959895029999999849e+01 1.932166159999999877e+01 1.999999880000000063e+00 1.546404780000000034e+00 1.000000000000000021e-02
5.008869860000000074e+01 9.057617180000000172e-08 8.301650919999999934e-01 1.000000000000000056e-01 6.589574229999999488e+01
4.486063359999999989e+01 1.700172920000000117e-10 8.299999999999999600e-01 1.125636130000000068e-01 1.467315720000000034e+01
5.667271329999999807e+01 6.814489249999999745e-13 8.299999999999999600e-01 3.737550119999999976e-01 3.325898819999999922e+00
3.454029810000000111e+01 2.853610659999999794e-06 8.300000020000000145e-01 8.330471270000000539e-01 1.000224650000000083e-02
4.714229720000000157e+01 4.923307979999999718e-08 8.300001519999999910e-01 1.010356800000000055e+00 1.002675020000000014e-02
4.461089510000000047e+01 1.375438079999999978e-05 8.300001190000000362e-01 9.701233719999999838e-01 1.001404959999999990e-02
4.216888370000000208e+01 8.548876920000000564e-05 8.300000199999999495e-01 9.455623789999999529e-01 1.000066460000000046e-02
4.263756120000000038e+01 1.726070030000000042e-05 8.300000119999999537e-01 9.561232229999999666e-01 1.057247310000000023e-02
0.000000000000000000e+00 0.000000000000000000e+00 8.299999999999999600e-01 1.093217220000000101e+00 1.000385179999999964e-02
7.268310380000000107e-07 0.000000000000000000e+00 8.299999999999999600e-01 1.380229909999999949e+00 1.000000000000000021e-02
2.068556180000000012e-05 1.727077300000000020e-05 8.300000229999999757e-01 1.222195600000000049e+00 1.020483519999999984e-02
7.686947430000000360e-07 1.780957099999999996e-06 8.300000349999999694e-01 1.283727339999999995e+00 1.006049520000000010e-02
5.168722200000000016e-07 1.035133390000000047e-06 8.300000339999999976e-01 1.287909100000000029e+00 1.000775060000000036e-02
0.000000000000000000e+00 1.785906040000000036e-16 2.000000000000000000e+00 1.000000000000000056e-01 1.000000000000000000e+03
0.000000000000000000e+00 1.476215860000000010e-16 2.000000000000000000e+00 1.000000000000000056e-01 1.000000000000000000e+03
2.000000000000000000e+02 3.107141709999999828e-16 2.000000000000000000e+00 2.500000000000000000e+00 1.000000000000000000e+03
2.000000000000000000e+02 2.954144940000000113e-16 2.000000000000000000e+00 2.500000000000000000e+00 1.000000000000000000e+03
2.000000000000000000e+02 5.887399330000000493e-16 2.000000000000000000e+00 2.500000000000000000e+00 1.000000000000000000e+03
0.000000000000000000e+00 2.000000000000000000e+01 1.976071719999999976e+00 2.500000000000000000e+00 9.930082310000000234e+02
2.000000000000000000e+02 0.000000000000000000e+00 8.299999999999999600e-01 4.221748770000000039e-01 1.000000000000000021e-02
2.000000000000000000e+02 2.595147609999999816e-12 8.299999999999999600e-01 1.000000000000000056e-01 1.000000000000000021e-02
1.999999870000000044e+02 4.719568849999999754e-07 8.300000020000000145e-01 3.143909300000000129e-01 1.000000000000000021e-02
1.999999960000000101e+02 6.884852820000000309e-07 8.300000029999999862e-01 3.016268830000000123e-01 1.026011299999999953e-02
8.108658208999999317e+01 0.000000000000000000e+00 8.299999999999999600e-01 2.499999970000000182e+00 3.840381516000000062e+01
4.408528456999999889e+01 4.221636700000000353e+00 8.300066299999999675e-01 2.499996069999999904e+00 2.192558727900000122e+02
5.088185587000000254e+01 2.986804970000000115e+00 8.300000499999999892e-01 2.499999990000000061e+00 1.954115762600000039e+02
5.797725030000000146e+01 1.126336309999999896e+00 8.300166300000000330e-01 2.499999949999999860e+00 1.730351124700000014e+02
5.014489057000000116e+01 3.158887969999999878e+00 8.300007600000000041e-01 2.499999939999999921e+00 1.976802636099999972e+02
0.000000000000000000e+00 2.000000000000000000e+01 8.299999999999999600e-01 2.500000000000000000e+00 1.000000000000000000e+03
2.284174050000000022e+01 8.961618780000000228e+00 8.299999999999999600e-01 2.499999980000000122e+00 2.614743189999999800e+02
0.000000000000000000e+00 2.000000000000000000e+01 2.000000000000000000e+00 1.000000000000000056e-01 1.000000000000000000e+03
0.000000000000000000e+00 2.000000000000000000e+01 8.299999999999999600e-01 2.500000000000000000e+00 1.000000000000000000e+03
5.764613510000000218e+01 2.000000000000000000e+01 2.000000000000000000e+00 1.000000000000000056e-01 1.000000000000000000e+03
4.929424279999999754e-09 2.000000000000000000e+01 2.000000000000000000e+00 2.500000000000000000e+00 1.000000000000000021e-02
4.642059849999999623e-12 2.000000000000000000e+01 2.000000000000000000e+00 2.500000000000000000e+00 1.000000009999999981e-02
6.810857619999999677e-11 2.000000000000000000e+01 2.000000000000000000e+00 2.500000000000000000e+00 1.000000000000000021e-02
4.624779360000000125e-12 2.000000000000000000e+01 2.000000000000000000e+00 2.500000000000000000e+00 1.000000009999999981e-02
4.447387460000000326e-12 2.000000000000000000e+01 2.000000000000000000e+00 2.500000000000000000e+00 1.000000009999999981e-02
2.000000000000000000e+02 0.000000000000000000e+00 2.000000000000000000e+00 1.021290849999999945e-01 1.000000000000000021e-02
0.000000000000000000e+00 2.000000000000000000e+01 8.299999999999999600e-01 1.000000000000000056e-01 1.000000000000000021e-02
0.000000000000000000e+00 2.000000000000000000e+01 8.299999999999999600e-01 1.000000000000000056e-01 1.000000000000000021e-02
0.000000000000000000e+00 2.000000000000000000e+01 8.299999999999999600e-01 1.000000000000000056e-01 1.000000000000000021e-02
0.000000000000000000e+00 2.000000000000000000e+01 8.299999999999999600e-01 1.000000000000000056e-01 1.000000000000000021e-02
2.000000000000000000e+02 2.000000000000000000e+01 2.000000000000000000e+00 1.000000000000000056e-01 1.000000000000000021e-02
2.000000000000000000e+02 2.000000000000000000e+01 8.300000020000000145e-01 1.000000000000000056e-01 5.459691970000000083e+02
1.660952800000000025e+02 1.999992089999999934e+01 2.000000000000000000e+00 1.000000000000000056e-01 1.000000000000000021e-02
1.999999559999999974e+02 1.999969019999999986e+01 8.300000250000000301e-01 1.000105750000000043e-01 4.056853370000000041e+02
2.000000000000000000e+02 2.000000000000000000e+01 2.000000000000000000e+00 1.000000000000000056e-01 1.000000000000000021e-02
6.597005934999999965e+01 4.865378500000000273e+00 9.586021500000000417e-01 2.499996190000000063e+00 1.059577906800000022e+02
3.809752531000000175e+01 5.444338639999999785e+00 9.287813700000000505e-01 2.500000000000000000e+00 2.642582029700000135e+02
6.519623294999999530e+01 4.910749540000000302e+00 9.526605700000000398e-01 2.499967960000000211e+00 1.104186481800000053e+02
4.104738408000000049e+01 5.439593200000000017e+00 9.405795799999999707e-01 2.499992890000000134e+00 2.445336227599999859e+02
6.213314824999999786e+01 4.841287040000000097e+00 9.498973099999999947e-01 2.499985929999999801e+00 1.082068206699999990e+02
1.993208909999999889e+02 1.999990730000000028e+01 8.300000429999999652e-01 2.500000000000000000e+00 2.741183629999999899e-02
1.999989370000000122e+02 1.999091500000000110e+01 8.300002619999999887e-01 1.004582430000000026e-01 1.279334560000000067e+02
0.000000000000000000e+00 0.000000000000000000e+00 2.000000000000000000e+00 2.500000000000000000e+00 1.000000000000000021e-02
1.991525159999999914e+02 1.999988370000000160e+01 8.300000640000000374e-01 2.137906629999999808e+00 6.605815750000000597e-02
1.999998980000000017e+02 1.999842840000000166e+01 8.300177530000000248e-01 1.661125130000000061e+00 1.000000000000000021e-02
1.683136939999999981e+02 1.273674770000000045e+01 9.973587680000000066e-01 4.457549419999999873e-01 5.497054100000000290e+02
2.000000000000000000e+02 2.519424320000000075e-14 2.000000000000000000e+00 1.000000000000000056e-01 1.000000000000000000e+03
1.867930639999999869e+02 1.146358859999999957e+01 9.627169549999999854e-01 6.053898659999999987e-01 6.032530309999999645e+02
2.000000000000000000e+02 7.028967910000000174e-13 8.299999999999999600e-01 1.000000000000000056e-01 1.000000000000000000e+03
2.000000000000000000e+02 1.473131309999999997e-06 1.142742780000000069e+00 1.000000000000000056e-01 9.999999990000000025e+02
1.999999999999999716e+02 2.000000000000000000e+01 2.000000000000000000e+00 2.500000000000000000e+00 9.999999999999998863e+02
1.993965640858877464e+01 5.353815346866028335e+00 8.300000087066191634e-01 2.439303974773317840e+00 1.010970034584540969e+02
0.000000000000000000e+00 2.000000000000000000e+01 1.442207768913707611e+00 2.500000000000000000e+00 4.058503522588968622e+02
2.000000000000000000e+02 2.000000000000000000e+01 2.000000000000000000e+00 2.500000000000000000e+00 9.999999999999998863e+02
4.528322475902823302e-02 5.077113716092721774e+00 8.299999999999999600e-01 2.500000000000000000e+00 5.749533382421999628e-01
1.280263480912984733e+02 1.172525251713705075e+01 9.981975069127042577e-01 5.669833397429749899e-01 9.999948296470944342e+02
2.000000000000000000e+02 0.000000000000000000e+00 8.299999999999999600e-01 2.500000000000000000e+00 1.000000000000000021e-02
1.013834959988594875e+02 5.930357059577943346e+00 1.231624043293599424e+00 1.080962836643000413e+00 9.999970145952362373e+02
2.000000000000000000e+02 0.000000000000000000e+00 8.299999999999999600e-01 2.500000000000000000e+00 1.000000000000000021e-02
1.206504512551364883e+02 1.168510144059122169e+01 1.000496672566810297e+00 7.031715940814924348e-01 1.000000000000000000e+03
2.000000000000000000e+02 2.000000000000000000e+01 8.300000116148840146e-01 2.500000000000000000e+00 1.000000000000000000e+03
1.014721947860921745e+02 1.276208617199181639e+01 8.300000000000000711e-01 9.174259715496888568e-01 9.999984322658316387e+02
2.000000000000000000e+02 1.471527137700710419e+01 8.300003164771497799e-01 1.769113983996475348e+00 9.999998826327511097e+02
1.315382194393479267e+02 1.147709849850852848e+01 8.300203038033153735e-01 1.515922968141792504e+00 9.999936919969576365e+02
1.995465437452201058e+02 1.188142802322152569e+01 8.300130628360284923e-01 1.481624557546010745e+00 9.999770803231128866e+02
