1.711160657279263475e+00 1.316099223288693132e+01
1.694698990889168533e+00 1.947733063827699951e+01
1.684516874435652012e+00 1.464559408459519929e+01
1.683948155598890439e+00 1.781306352194669884e+01
1.661948222384893814e+00 1.214538789806151975e+01
1.674939214831786538e+00 1.758321259203539455e+01
1.283635017724562566e+00 1.089830062879471306e+01
1.639755050669603476e+00 1.312005298581293111e+01
1.659933555386573945e+00 2.667833655605149445e+01
1.605282727542183707e+00 1.338435635286828429e+01
1.683375897786381747e+00 2.442845454773740954e+01
1.318460821684719564e+00 1.274837347962314915e+01
1.594311809018799986e+00 1.210944351724670476e+01
1.619962420779437862e+00 9.350327055430536660e+00
1.546580382732584358e+00 1.289867457154863395e+01
1.340382295583212091e+00 1.672265264009149632e+01
1.358540478484822067e+00 1.239233230511169914e+01
2.002692503545218106e+00 1.228202522853130496e+01
1.307180134848140218e+00 1.258130832072442118e+01
2.361687720019648662e+00 1.420153851758334618e+01
2.681950078500570545e+00 1.165692264991133875e+01
1.441301789696521896e+00 1.620879238838053382e+01
1.623507710491907563e+00 2.623495394544475090e+01
1.977946270347550328e+00 1.055676912298494052e+01
1.280422165544113478e+00 1.579525056753224099e+01
2.849545580070155903e+00 1.140965241649136708e+01
2.320963787472108297e+00 9.647305072658609149e+00
3.798343418084526135e+00 1.375118590720015987e+01
2.647102757845543497e+00 1.721809995762991718e+01
1.742592767194599546e+00 3.257871125953504077e+01
3.040394420314652901e+00 1.128525542505180645e+01
2.998996248147862698e+00 1.405201847274476989e+01
3.667345539342067529e+00 1.167385642965493808e+01
4.355567263039377579e+00 1.587762201585065647e+01
3.479234853071132783e+00 1.098944049280935609e+01
3.479234853071132783e+00 1.098944049280935609e+01
1.683875546590384076e+00 2.570104467149184302e+01
2.337855707430984697e+00 1.411600012502864665e+01
3.476124295127104524e+00 1.354880102874358272e+01
2.864720239731854967e+00 1.845785843127204018e+01
3.746674227255250678e+00 1.290231393386845404e+01
5.524442045539182722e+00 1.883041678555130005e+01
3.167683742637162680e+00 9.956824818555130463e+00
1.787259492666035676e+00 3.329702918089358832e+01
3.046687422528357114e+00 1.801205506633262843e+01
1.454641085192514005e+00 2.344897812953307081e+01
3.192771226219780267e+00 1.790364957582594485e+01
5.432182206923254597e+00 1.689529738996042241e+01
2.976878297332552048e+00 1.677585636483093978e+01
4.263421792715622161e+00 1.684576006328926923e+01
4.502038080000000164e+00 2.035505005999999995e+01
1.803387979999999891e+00 3.100401031000000174e+01
1.655161209999999938e+00 1.230078647000000025e+01
2.327532839999999936e+00 1.618596267999999938e+01
3.479619519999999966e+00 2.006761639999999858e+01
1.571433990000000058e+00 1.167462895000000067e+01
1.818325919999999929e+00 1.395874605999999929e+01
1.673516849999999945e+00 1.178655007999999960e+01
1.818325919999999929e+00 1.279536616000000038e+01
9.780465999999999882e-01 8.968677749999999449e+00
3.875186789999999881e+00 1.543130251000000008e+01
1.788789009999999902e+00 3.641142306999999789e+01
2.589007669999999983e+00 1.134371254999999934e+01
2.391569810000000018e+00 1.092257619999999996e+01
2.297193609999999886e+00 1.052724974999999930e+01
1.817834680000000036e+00 3.482758007000000333e+01
2.192868049999999958e+00 1.003461380999999975e+01
1.492225649999999959e+00 1.454276841000000076e+01
1.818325919999999929e+00 9.743197629999999165e+00
1.574214570000000091e+00 2.584380369999999871e+01
1.773427950000000086e+00 3.552471335999999980e+01
1.812606850000000103e+00 9.777906570000000741e+00
1.768511519999999893e+00 3.535409240999999980e+01
1.693889559999999905e+00 3.393899214999999714e+01
1.089341099999999951e+00 1.268568984000000022e+01
1.678218079999999945e+00 1.641508406999999892e+01
2.569129709999999900e+00 2.058416757000000175e+01
2.403982870000000105e+00 1.972804556000000176e+01
2.239468689999999818e+00 1.838196018000000009e+01
2.267413860000000003e+00 1.862747421999999986e+01
1.818325919999999929e+00 1.450197844000000025e+01
1.818325879999999950e+00 1.415062694999999948e+01
1.818324760000000095e+00 1.435827482999999916e+01
1.818325870000000011e+00 1.429964806000000088e+01
1.818325889999999889e+00 1.429738137000000009e+01
1.818325919999999929e+00 2.831718840999999998e+01
1.818325919999999929e+00 2.831718840999999998e+01
3.365808939999999971e+00 1.931116919999999837e+01
3.365808939999999971e+00 1.931116919999999837e+01
3.365808939999999971e+00 1.931116919999999837e+01
1.818325919999999929e+00 1.235033203000000057e+01
5.317394130000000274e+00 2.495524448999999834e+01
4.729015559999999674e+00 2.148817843999999866e+01
5.277663050000000133e+00 2.528951019000000144e+01
5.250226770000000265e+00 2.517580059999999875e+01
1.910248579999999974e+00 1.505456799000000068e+01
1.031779479999999971e+00 1.121951168000000010e+01
1.522418829999999890e+00 9.529011089999999129e+00
2.293571959999999965e+00 1.233501425999999945e+01
1.455416330000000036e+00 9.520001170000000457e+00
1.818325919999999929e+00 1.579543727999999980e+01
1.660837689999999922e+00 1.476958942999999991e+01
1.818325919999999929e+00 2.831718840999999998e+01
1.818325919999999929e+00 1.579543727999999980e+01
1.786057529999999893e+00 2.826222235999999910e+01
1.818325919999999929e+00 1.179367945000000084e+01
1.818325919999999929e+00 1.179367945000000084e+01
1.818325919999999929e+00 1.179367945000000084e+01
1.818325919999999929e+00 1.179367945000000084e+01
1.818325919999999929e+00 1.179367945000000084e+01
4.948597649999999959e+00 2.247543985000000077e+01
1.818325919999999929e+00 1.130301593000000082e+01
1.818325919999999929e+00 1.130301593000000082e+01
1.818325919999999929e+00 1.130301593000000082e+01
1.818325919999999929e+00 1.130301593000000082e+01
6.756100509999999559e+00 2.618632321999999846e+01
6.756100509999999559e+00 2.618632321999999846e+01
5.503806939999999592e+00 2.027931498999999960e+01
1.784508250000000018e+00 3.632116451000000268e+01
6.756100509999999559e+00 2.618632321999999846e+01
2.433075160000000015e+00 1.079677391999999969e+01
1.274129730000000071e+00 1.304426364000000049e+01
2.356011159999999993e+00 1.073554129999999951e+01
1.157064990000000071e+00 1.202938098999999994e+01
2.188822679999999909e+00 1.047602262999999922e+01
6.494332159999999909e+00 2.193299328000000159e+01
1.728107059999999917e+00 3.562468899999999650e+01
1.818325919999999929e+00 1.179367945000000084e+01
6.469839409999999624e+00 2.235154108000000051e+01
6.575049589999999888e+00 2.364030328999999853e+01
1.438239290000000059e+00 2.343237664000000109e+01
1.730984899999999937e+00 2.808998508000000172e+01
1.596164058934711472e+00 1.467863464330302214e+01
1.596164058934711472e+00 1.467863464330302214e+01
1.817626111406504208e+00 3.545357219501471491e+01
6.488656024899718489e+00 1.717491970012094171e+01
1.661767853121128624e+00 1.409064024144802652e+01
1.818325916498422901e+00 1.273058166217375131e+01
6.488656024899718489e+00 1.717491970012094171e+01
1.815863900630295458e+00 1.230990961572794440e+01
1.395290870029382013e+00 2.291722237562778375e+01
3.790870618922671298e+00 1.991625244642527903e+01
2.843110891051266798e+00 1.202669477101932216e+01
2.843110891051266798e+00 1.202669477101932216e+01
1.258090946755821449e+00 1.765125180124275772e+01
5.149172863161028069e+00 1.413556079388121844e+01
5.149172863161028069e+00 1.413556079388121844e+01
4.400509953425729925e+00 1.233010436353883854e+01
2.422905674358041939e+00 1.070500755707285023e+01
3.748200239198293371e+00 1.055722646595432579e+01
